| Image | TP | FP | FN | Precision | Recall | F1 |
| :--- | :---: | :---: | :---: | :---: | :---: | :---: |
| dart0 | 1 | 3 | 0 | 0.2500 | 1.0000 | 0.4000 |
| dart1 | 1 | 1 | 0 | 0.5000 | 1.0000 | 0.6667 |
| dart10 | 0 | 10 | 3 | 0.0000 | 0.0000 | 0.0000 |
| dart11 | 0 | 5 | 1 | 0.0000 | 0.0000 | 0.0000 |
| dart12 | 0 | 0 | 1 | 0.0000 | 0.0000 | 0.0000 |
| dart13 | 0 | 4 | 1 | 0.0000 | 0.0000 | 0.0000 |
| dart14 | 1 | 39 | 0 | 0.0250 | 1.0000 | 0.0488 |
| dart15 | 1 | 1 | 0 | 0.5000 | 1.0000 | 0.6667 |
| dart2 | 1 | 6 | 0 | 0.1429 | 1.0000 | 0.2500 |
| dart3 | 1 | 3 | 0 | 0.2500 | 1.0000 | 0.4000 |
| dart4 | 0 | 3 | 1 | 0.0000 | 0.0000 | 0.0000 |
| dart5 | 1 | 9 | 0 | 0.1000 | 1.0000 | 0.1818 |
| dart6 | 0 | 4 | 1 | 0.0000 | 0.0000 | 0.0000 |
| dart7 | 0 | 6 | 1 | 0.0000 | 0.0000 | 0.0000 |
| dart8 | 2 | 11 | 0 | 0.1538 | 1.0000 | 0.2667 |
| dart9 | 1 | 2 | 0 | 0.3333 | 1.0000 | 0.5000 |

Mean Recall (TPR): 0.5625
Mean F1: 0.2113

Micro Precision: 0.0855
Micro Recall: 0.5263
Micro F1: 0.1471
