| Image | TP | FP | FN | Precision | Recall | F1 |
| :--- | :---: | :---: | :---: | :---: | :---: | :---: |
| dart0 | 1 | 0 | 0 | 1.0000 | 1.0000 | 1.0000 |
| dart1 | 1 | 1 | 0 | 0.5000 | 1.0000 | 0.6667 |
| dart10 | 0 | 6 | 3 | 0.0000 | 0.0000 | 0.0000 |
| dart11 | 0 | 0 | 1 | 0.0000 | 0.0000 | 0.0000 |
| dart12 | 0 | 0 | 1 | 0.0000 | 0.0000 | 0.0000 |
| dart13 | 0 | 0 | 1 | 0.0000 | 0.0000 | 0.0000 |
| dart14 | 1 | 7 | 0 | 0.1250 | 1.0000 | 0.2222 |
| dart15 | 0 | 0 | 1 | 0.0000 | 0.0000 | 0.0000 |
| dart2 | 1 | 1 | 0 | 0.5000 | 1.0000 | 0.6667 |
| dart3 | 0 | 0 | 1 | 0.0000 | 0.0000 | 0.0000 |
| dart4 | 0 | 1 | 1 | 0.0000 | 0.0000 | 0.0000 |
| dart5 | 1 | 1 | 0 | 0.5000 | 1.0000 | 0.6667 |
| dart6 | 0 | 1 | 1 | 0.0000 | 0.0000 | 0.0000 |
| dart7 | 0 | 0 | 1 | 0.0000 | 0.0000 | 0.0000 |
| dart8 | 1 | 0 | 1 | 1.0000 | 0.5000 | 0.6667 |
| dart9 | 1 | 1 | 0 | 0.5000 | 1.0000 | 0.6667 |

Mean Recall (TPR): 0.4062
Mean F1: 0.2847

Micro Precision: 0.2692
Micro Recall: 0.3684
Micro F1: 0.3111
